48,4
48,5
46,4
46,1
46,3
48,1
48,3
24,1
24,3
59,35
10,231
10,265
10,81
10,153
10,21
10,299
10,149
11,11
11,4
11,19
11,24
8,12
8,17
8,10
8,18
54,3
54,2
54,1
54,0
53,3
53,2
53,1
53,0
52,4
52,3
52,2
52,1
52,0
20,2
20,3
20,1
12,3
12,2
12,1
19,2
11,28
19,1
11,27
19,3
11,15
11,13
11,9
11,7
11,6
11,5
11,3
11,2
11,1
10,309
10,306
10,278
10,273
10,258
10,248
10,226
10,151
10,143
10,121
10,114
10,107
10,95
18,1
10,91
18,3
10,20
10,3
14,1
10,2
14,3
10,1
9,7
9,6
9,5
13,1
9,4
9,3
13,3
9,2
9,1
8,15
8,13
8,9
8,8
8,7
8,6
8,4
